20
10
0.01
00188162600227606814
22216260038622760537
12611005112107142407
11016150027307162907
15803229921877160874
20761611679200911881
08702056076025105002
32650241201205110923
24520647004102741110
91021100021007850001
01101837011564077099
21221920231006154100
12421003127719013019
82904224128784042102
26928320399130912118
01110920005802120013
96212407095024208481
47202111316383023209
61152185282330820534
10105906102314019171

-------------waiting area----------------
5
10
123.6 
12345
23456
34567
45678
56789

20
10
123.6 
12345678987654321234
23456789876543212341
34567898765432123412
45678987654321234123
56789876543212341234
67898765432123412345
78987654321234123456
89876543212341234567
98765432123412345678
87654321234123456789
76543212341234567891
65432123412345678912
54321234123456789123
43212341234567891234
32123412345678912345
21234123456789123456
12341234567891234567
23412345678912345678
34123456789123456789
41234567891234567891

10
4
1.276
31******10
010*****13
302*****13
022*3***32
022*22**12
033203**10
2020032*12
2203322321
0103022020
2232222231

10
4
1.276
3102322310
0121232013
3021111113
0221031132
0230011012
0323321010
2003022012
2202200021
0130000020
2200022231

3
2
123.6
121
121
211

3
3
123.6
001
011
200
